380.1620    0.0383    0.1307    0.1690
380.5086    0.0325    0.1301    0.1626
380.8553    0.0500    0.1326    0.1826
381.2020    0.0419    0.1322    0.1742
381.5487    0.0458    0.1313    0.1771
381.8954    0.0409    0.1321    0.1730
382.2421    0.0441    0.1332    0.1772
382.5889    0.0413    0.1358    0.1771
382.9357    0.0494    0.1365    0.1859
383.2825    0.0432    0.1364    0.1795
383.6293    0.0461    0.1363    0.1824
383.9762    0.0440    0.1368    0.1807
384.3231    0.0457    0.1364    0.1821
384.6700    0.0481    0.1338    0.1819
385.0169    0.0518    0.1304    0.1822
385.3639    0.0529    0.1303    0.1832
385.7109    0.0558    0.1297    0.1855
386.0579    0.0557    0.1315    0.1872
386.4049    0.0530    0.1325    0.1855
386.7519    0.0534    0.1317    0.1850
387.0990    0.0500    0.1333    0.1833
387.4461    0.0519    0.1336    0.1855
387.7932    0.0497    0.1311    0.1809
388.1403    0.0484    0.1305    0.1788
388.4875    0.0507    0.1297    0.1804
388.8347    0.0488    0.1295    0.1783
389.1819    0.0477    0.1288    0.1766
389.5291    0.0450    0.1287    0.1737
389.8764    0.0423    0.1281    0.1703
390.2237    0.0422    0.1279    0.1701
390.5710    0.0422    0.1279    0.1701
390.9183    0.0394    0.1283    0.1677
391.2657    0.0376    0.1281    0.1657
391.6130    0.0370    0.1278    0.1648
391.9604    0.0369    0.1275    0.1645
392.3078    0.0370    0.1272    0.1642
392.6553    0.0362    0.1271    0.1633
393.0027    0.0352    0.1273    0.1625
393.3502    0.0344    0.1277    0.1621
393.6977    0.0339    0.1282    0.1620
394.0453    0.0329    0.1284    0.1613
394.3928    0.0326    0.1287    0.1613
394.7404    0.0318    0.1290    0.1608
395.0880    0.0309    0.1292    0.1600
395.4356    0.0308    0.1293    0.1601
395.7833    0.0304    0.1295    0.1599
396.1310    0.0302    0.1296    0.1598
396.4786    0.0298    0.1297    0.1595
396.8264    0.0294    0.1297    0.1591
397.1741    0.0290    0.1297    0.1587
397.5219    0.0288    0.1297    0.1584
397.8697    0.0286    0.1297    0.1583
398.2175    0.0283    0.1297    0.1580
398.5653    0.0281    0.1297    0.1578
398.9131    0.0279    0.1297    0.1576
399.2610    0.0276    0.1297    0.1572
399.6089    0.0274    0.1297    0.1571
399.9568    0.0272    0.1297    0.1568
400.3048    0.0269    0.1297    0.1566
400.6528    0.0267    0.1297    0.1564
401.0007    0.0265    0.1297    0.1562
401.3488    0.0263    0.1297    0.1560
401.6968    0.0260    0.1297    0.1557
402.0449    0.0257    0.1297    0.1554
402.3929    0.0255    0.1297    0.1552
402.7410    0.0253    0.1296    0.1549
403.0892    0.0251    0.1296    0.1547
403.4373    0.0250    0.1296    0.1546
403.7855    0.0248    0.1296    0.1545
404.1337    0.0246    0.1296    0.1542
404.4819    0.0244    0.1296    0.1540
404.8301    0.0243    0.1295    0.1539
405.1784    0.0241    0.1295    0.1537
405.5267    0.0240    0.1295    0.1535
405.8750    0.0239    0.1294    0.1533
406.2233    0.0238    0.1294    0.1532
406.5717    0.0236    0.1294    0.1530
406.9201    0.0236    0.1294    0.1529
407.2685    0.0234    0.1294    0.1528
407.6169    0.0234    0.1294    0.1527
407.9653    0.0232    0.1293    0.1526
408.3138    0.0231    0.1293    0.1524
408.6623    0.0230    0.1293    0.1523
409.0108    0.0228    0.1292    0.1521
409.3593    0.0227    0.1292    0.1519
409.7079    0.0225    0.1292    0.1517
410.0565    0.0225    0.1292    0.1516
410.4051    0.0224    0.1291    0.1515
410.7537    0.0223    0.1291    0.1514
411.1023    0.0222    0.1290    0.1513
411.4510    0.0220    0.1290    0.1510
411.7997    0.0218    0.1290    0.1508
412.1484    0.0216    0.1290    0.1505
412.4971    0.0213    0.1290    0.1503
412.8459    0.0211    0.1289    0.1501
413.1947    0.0209    0.1289    0.1498
413.5435    0.0208    0.1289    0.1497
413.8923    0.0207    0.1289    0.1496
414.2412    0.0205    0.1289    0.1494
414.5900    0.0202    0.1289    0.1491
414.9389    0.0201    0.1289    0.1490
415.2878    0.0199    0.1289    0.1487
415.6368    0.0198    0.1289    0.1487
415.9857    0.0195    0.1289    0.1484
416.3347    0.0193    0.1289    0.1482
416.6837    0.0191    0.1289    0.1481
417.0327    0.0191    0.1289    0.1481
417.3818    0.0189    0.1289    0.1479
417.7309    0.0188    0.1289    0.1478
418.0800    0.0188    0.1289    0.1477
418.4291    0.0191    0.1290    0.1480
418.7782    0.0189    0.1290    0.1479
419.1274    0.0190    0.1290    0.1480
419.4766    0.0188    0.1291    0.1479
419.8258    0.0188    0.1291    0.1479
420.1750    0.0186    0.1292    0.1478
420.5242    0.0186    0.1293    0.1479
420.8735    0.0185    0.1295    0.1480
421.2228    0.0182    0.1295    0.1477
421.5721    0.0182    0.1296    0.1478
421.9214    0.0181    0.1297    0.1478
422.2708    0.0180    0.1297    0.1477
422.6202    0.0177    0.1297    0.1474
422.9696    0.0176    0.1298    0.1475
423.3190    0.0175    0.1298    0.1473
423.6685    0.0174    0.1299    0.1472
424.0179    0.0173    0.1299    0.1471
424.3674    0.0172    0.1299    0.1471
424.7169    0.0171    0.1299    0.1470
425.0665    0.0174    0.1299    0.1473
425.4160    0.0172    0.1299    0.1471
425.7656    0.0172    0.1298    0.1470
426.1152    0.0174    0.1297    0.1471
426.4648    0.0173    0.1296    0.1468
426.8145    0.0174    0.1295    0.1469
427.1641    0.0172    0.1295    0.1467
427.5138    0.0169    0.1295    0.1464
427.8635    0.0171    0.1297    0.1468
428.2133    0.0171    0.1298    0.1468
428.5630    0.0168    0.1299    0.1467
428.9128    0.0169    0.1299    0.1468
429.2626    0.0174    0.1298    0.1472
429.6124    0.0174    0.1299    0.1473
429.9622    0.0174    0.1298    0.1471
430.3121    0.0181    0.1298    0.1479
430.6620    0.0179    0.1297    0.1477
431.0119    0.0179    0.1297    0.1476
431.3618    0.0178    0.1296    0.1474
431.7118    0.0179    0.1295    0.1474
432.0617    0.0180    0.1295    0.1475
432.4117    0.0182    0.1294    0.1476
432.7618    0.0185    0.1294    0.1478
433.1118    0.0184    0.1294    0.1478
433.4618    0.0188    0.1293    0.1481
433.8119    0.0190    0.1292    0.1482
434.1620    0.0190    0.1292    0.1483
434.5122    0.0193    0.1292    0.1484
434.8623    0.0190    0.1291    0.1481
435.2125    0.0188    0.1291    0.1479
435.5627    0.0190    0.1291    0.1481
435.9129    0.0190    0.1291    0.1481
436.2631    0.0190    0.1291    0.1481
436.6133    0.0187    0.1291    0.1478
436.9636    0.0183    0.1291    0.1474
437.3139    0.0183    0.1291    0.1474
437.6642    0.0184    0.1291    0.1474
438.0146    0.0183    0.1291    0.1474
438.3649    0.0181    0.1291    0.1472
438.7153    0.0180    0.1291    0.1471
439.0657    0.0178    0.1291    0.1468
439.4161    0.0176    0.1291    0.1466
439.7666    0.0176    0.1291    0.1467
440.1171    0.0173    0.1291    0.1463
440.4676    0.0171    0.1291    0.1462
440.8181    0.0170    0.1292    0.1462
441.1686    0.0168    0.1292    0.1460
441.5192    0.0162    0.1293    0.1455
441.8697    0.0159    0.1294    0.1453
442.2203    0.0158    0.1294    0.1452
442.5709    0.0158    0.1294    0.1452
442.9216    0.0157    0.1294    0.1451
443.2722    0.0158    0.1294    0.1451
443.6229    0.0157    0.1294    0.1451
443.9736    0.0157    0.1294    0.1451
444.3244    0.0154    0.1295    0.1449
444.6751    0.0155    0.1295    0.1450
445.0259    0.0154    0.1295    0.1450
445.3767    0.0152    0.1296    0.1448
445.7275    0.0151    0.1295    0.1447
446.0783    0.0150    0.1296    0.1446
446.4292    0.0149    0.1296    0.1445
446.7800    0.0149    0.1296    0.1445
447.1309    0.0149    0.1296    0.1446
447.4818    0.0148    0.1296    0.1444
447.8328    0.0148    0.1296    0.1443
448.1837    0.0146    0.1296    0.1442
448.5347    0.0147    0.1296    0.1443
448.8857    0.0146    0.1296    0.1442
449.2367    0.0146    0.1296    0.1441
449.5878    0.0143    0.1296    0.1439
449.9388    0.0144    0.1296    0.1440
450.2899    0.0144    0.1296    0.1440
450.6410    0.0143    0.1297    0.1439
450.9922    0.0143    0.1296    0.1439
451.3433    0.0144    0.1296    0.1440
451.6945    0.0146    0.1296    0.1442
452.0457    0.0146    0.1296    0.1442
452.3969    0.0150    0.1296    0.1446
452.7481    0.0153    0.1296    0.1449
453.0994    0.0153    0.1296    0.1450
453.4507    0.0154    0.1297    0.1451
453.8020    0.0153    0.1297    0.1450
454.1533    0.0154    0.1297    0.1452
454.5046    0.0154    0.1298    0.1452
454.8560    0.0155    0.1298    0.1453
455.2074    0.0156    0.1298    0.1454
455.5588    0.0157    0.1298    0.1455
455.9102    0.0157    0.1299    0.1456
456.2616    0.0158    0.1299    0.1457
456.6131    0.0158    0.1299    0.1458
456.9646    0.0157    0.1300    0.1457
457.3161    0.0158    0.1300    0.1458
457.6676    0.0157    0.1301    0.1458
458.0192    0.0156    0.1302    0.1458
458.3707    0.0157    0.1302    0.1460
458.7223    0.0158    0.1303    0.1461
459.0739    0.0158    0.1304    0.1461
459.4256    0.0157    0.1304    0.1462
459.7772    0.0157    0.1305    0.1462
460.1289    0.0156    0.1306    0.1462
460.4806    0.0153    0.1307    0.1460
460.8323    0.0154    0.1308    0.1462
461.1840    0.0151    0.1309    0.1460
461.5358    0.0147    0.1310    0.1457
461.8876    0.0149    0.1311    0.1460
462.2394    0.0150    0.1312    0.1462
462.5912    0.0150    0.1313    0.1463
462.9430    0.0149    0.1314    0.1463
463.2949    0.0147    0.1316    0.1462
463.6467    0.0146    0.1316    0.1462
463.9986    0.0145    0.1317    0.1462
464.3506    0.0142    0.1318    0.1460
464.7025    0.0139    0.1320    0.1459
465.0545    0.0136    0.1321    0.1457
465.4065    0.0136    0.1323    0.1459
465.7585    0.0132    0.1325    0.1457
466.1105    0.0133    0.1326    0.1460
466.4625    0.0132    0.1328    0.1460
466.8146    0.0133    0.1330    0.1462
467.1667    0.0131    0.1331    0.1462
467.5188    0.0132    0.1332    0.1465
467.8709    0.0132    0.1335    0.1466
468.2231    0.0130    0.1336    0.1467
468.5752    0.0130    0.1337    0.1467
468.9274    0.0130    0.1339    0.1469
469.2796    0.0128    0.1340    0.1469
469.6319    0.0129    0.1342    0.1471
469.9841    0.0129    0.1344    0.1472
470.3364    0.0128    0.1346    0.1474
470.6887    0.0129    0.1348    0.1476
471.0410    0.0127    0.1349    0.1476
471.3933    0.0127    0.1351    0.1479
471.7457    0.0125    0.1353    0.1478
472.0981    0.0126    0.1356    0.1482
472.4504    0.0128    0.1358    0.1486
472.8029    0.0130    0.1359    0.1489
473.1553    0.0128    0.1361    0.1489
473.5078    0.0128    0.1363    0.1491
473.8602    0.0130    0.1366    0.1496
474.2127    0.0128    0.1368    0.1496
474.5652    0.0129    0.1370    0.1499
474.9178    0.0132    0.1372    0.1504
475.2703    0.0129    0.1375    0.1503
475.6229    0.0128    0.1377    0.1505
475.9755    0.0130    0.1380    0.1510
476.3281    0.0129    0.1382    0.1511
476.6808    0.0130    0.1385    0.1515
477.0334    0.0134    0.1388    0.1522
477.3861    0.0137    0.1391    0.1528
477.7388    0.0138    0.1393    0.1531
478.0915    0.0140    0.1396    0.1536
478.4443    0.0143    0.1400    0.1543
478.7970    0.0144    0.1403    0.1547
479.1498    0.0144    0.1406    0.1550
479.5026    0.0143    0.1410    0.1553
479.8554    0.0146    0.1413    0.1559
480.2083    0.0149    0.1417    0.1565
480.5611    0.0149    0.1420    0.1569
480.9140    0.0151    0.1424    0.1575
481.2669    0.0154    0.1428    0.1582
481.6198    0.0156    0.1432    0.1588
481.9728    0.0156    0.1436    0.1592
482.3257    0.0154    0.1440    0.1594
482.6787    0.0152    0.1445    0.1596
483.0317    0.0151    0.1449    0.1600
483.3847    0.0149    0.1454    0.1603
483.7378    0.0151    0.1459    0.1610
484.0908    0.0150    0.1464    0.1614
484.4439    0.0150    0.1469    0.1619
484.7970    0.0149    0.1475    0.1623
485.1501    0.0151    0.1480    0.1631
485.5033    0.0150    0.1485    0.1635
485.8564    0.0149    0.1491    0.1640
486.2096    0.0151    0.1496    0.1647
486.5628    0.0153    0.1502    0.1655
486.9160    0.0153    0.1507    0.1660
487.2693    0.0153    0.1513    0.1666
487.6225    0.0154    0.1519    0.1673
487.9758    0.0154    0.1525    0.1679
488.3291    0.0151    0.1531    0.1682
488.6824    0.0154    0.1538    0.1691
489.0358    0.0152    0.1544    0.1696
489.3891    0.0155    0.1551    0.1706
489.7425    0.0155    0.1558    0.1713
490.0959    0.0157    0.1564    0.1721
490.4493    0.0160    0.1571    0.1731
490.8028    0.0161    0.1578    0.1740
491.1562    0.0164    0.1585    0.1749
491.5097    0.0164    0.1593    0.1756
491.8632    0.0165    0.1600    0.1765
492.2167    0.0167    0.1608    0.1776
492.5702    0.0170    0.1616    0.1786
492.9238    0.0172    0.1624    0.1796
493.2774    0.0174    0.1632    0.1806
493.6310    0.0178    0.1640    0.1818
493.9846    0.0179    0.1649    0.1828
494.3382    0.0183    0.1657    0.1840
494.6919    0.0185    0.1665    0.1850
495.0456    0.0186    0.1674    0.1861
495.3992    0.0188    0.1683    0.1871
495.7530    0.0192    0.1692    0.1884
496.1067    0.0194    0.1702    0.1895
496.4605    0.0195    0.1711    0.1906
496.8142    0.0199    0.1719    0.1918
497.1680    0.0205    0.1729    0.1934
497.5218    0.0208    0.1738    0.1947
497.8757    0.0209    0.1748    0.1957
498.2295    0.0212    0.1757    0.1969
498.5834    0.0214    0.1766    0.1980
498.9373    0.0217    0.1776    0.1993
499.2912    0.0218    0.1786    0.2004
499.6451    0.0221    0.1796    0.2017
499.9991    0.0227    0.1807    0.2034
500.3530    0.0234    0.1817    0.2051
500.7070    0.0239    0.1828    0.2067
501.0610    0.0243    0.1838    0.2081
501.4151    0.0249    0.1848    0.2097
501.7691    0.0252    0.1859    0.2111
502.1232    0.0258    0.1870    0.2129
502.4773    0.0262    0.1882    0.2144
502.8314    0.0267    0.1893    0.2161
503.1855    0.0267    0.1905    0.2172
503.5396    0.0273    0.1916    0.2190
503.8938    0.0278    0.1928    0.2206
504.2480    0.0280    0.1940    0.2219
504.6022    0.0284    0.1952    0.2236
504.9564    0.0288    0.1963    0.2251
505.3106    0.0290    0.1975    0.2265
505.6649    0.0295    0.1986    0.2281
506.0192    0.0295    0.1999    0.2293
506.3735    0.0300    0.2011    0.2311
506.7278    0.0306    0.2023    0.2328
507.0821    0.0310    0.2035    0.2345
507.4365    0.0316    0.2047    0.2363
507.7908    0.0320    0.2059    0.2378
508.1452    0.0324    0.2071    0.2395
508.4997    0.0323    0.2083    0.2407
508.8541    0.0332    0.2096    0.2428
509.2085    0.0337    0.2109    0.2446
509.5630    0.0340    0.2122    0.2462
509.9175    0.0343    0.2136    0.2479
510.2720    0.0345    0.2149    0.2494
510.6265    0.0347    0.2161    0.2507
510.9811    0.0349    0.2174    0.2523
511.3357    0.0355    0.2187    0.2542
511.6902    0.0355    0.2200    0.2555
512.0448    0.0356    0.2213    0.2569
512.3995    0.0360    0.2225    0.2584
512.7541    0.0366    0.2237    0.2604
513.1088    0.0371    0.2249    0.2621
513.4635    0.0380    0.2261    0.2641
513.8182    0.0388    0.2273    0.2661
514.1729    0.0395    0.2284    0.2679
514.5276    0.0400    0.2296    0.2696
514.8824    0.0404    0.2308    0.2711
515.2371    0.0411    0.2320    0.2730
515.5919    0.0418    0.2333    0.2751
515.9467    0.0426    0.2344    0.2770
516.3016    0.0437    0.2355    0.2792
516.6564    0.0445    0.2366    0.2811
517.0113    0.0458    0.2376    0.2834
517.3662    0.0464    0.2387    0.2851
517.7211    0.0473    0.2399    0.2871
518.0760    0.0476    0.2410    0.2886
518.4310    0.0488    0.2421    0.2908
518.7859    0.0497    0.2430    0.2927
519.1409    0.0503    0.2440    0.2943
519.4959    0.0509    0.2449    0.2958
519.8510    0.0518    0.2459    0.2977
520.2060    0.0528    0.2468    0.2997
520.5611    0.0533    0.2477    0.3010
520.9161    0.0540    0.2486    0.3026
521.2712    0.0554    0.2493    0.3047
521.6263    0.0560    0.2502    0.3062
521.9815    0.0567    0.2510    0.3077
522.3366    0.0569    0.2517    0.3086
522.6918    0.0578    0.2525    0.3103
523.0470    0.0589    0.2530    0.3120
523.4022    0.0599    0.2537    0.3136
523.7574    0.0600    0.2544    0.3144
524.1127    0.0610    0.2549    0.3159
524.4679    0.0612    0.2554    0.3167
524.8232    0.0629    0.2559    0.3188
525.1785    0.0638    0.2564    0.3203
525.5339    0.0646    0.2568    0.3214
525.8892    0.0651    0.2572    0.3223
526.2445    0.0653    0.2576    0.3229
526.5999    0.0660    0.2579    0.3239
526.9553    0.0663    0.2581    0.3245
527.3107    0.0675    0.2583    0.3258
527.6662    0.0683    0.2584    0.3267
528.0216    0.0694    0.2585    0.3279
528.3771    0.0708    0.2586    0.3294
528.7326    0.0714    0.2586    0.3301
529.0881    0.0721    0.2585    0.3306
529.4436    0.0727    0.2585    0.3312
529.7992    0.0735    0.2585    0.3320
530.1547    0.0736    0.2583    0.3319
530.5103    0.0742    0.2582    0.3324
530.8659    0.0745    0.2580    0.3325
531.2215    0.0747    0.2578    0.3326
531.5772    0.0745    0.2577    0.3321
531.9328    0.0756    0.2573    0.3329
532.2885    0.0761    0.2570    0.3331
532.6442    0.0767    0.2565    0.3332
532.9999    0.0772    0.2559    0.3330
533.3556    0.0779    0.2555    0.3333
533.7114    0.0779    0.2549    0.3328
534.0671    0.0780    0.2544    0.3324
534.4229    0.0787    0.2538    0.3325
534.7787    0.0791    0.2532    0.3323
535.1345    0.0790    0.2526    0.3316
535.4904    0.0800    0.2519    0.3319
535.8462    0.0801    0.2511    0.3312
536.2021    0.0799    0.2504    0.3303
536.5580    0.0801    0.2495    0.3296
536.9139    0.0807    0.2485    0.3292
537.2698    0.0815    0.2475    0.3290
537.6258    0.0820    0.2466    0.3285
537.9818    0.0821    0.2456    0.3277
538.3377    0.0823    0.2445    0.3268
538.6937    0.0823    0.2434    0.3257
539.0498    0.0820    0.2423    0.3243
539.4058    0.0816    0.2410    0.3227
539.7619    0.0814    0.2397    0.3211
540.1179    0.0822    0.2383    0.3206
540.4740    0.0828    0.2369    0.3197
540.8301    0.0827    0.2356    0.3183
541.1863    0.0827    0.2343    0.3170
541.5424    0.0823    0.2330    0.3153
541.8986    0.0827    0.2316    0.3143
542.2548    0.0830    0.2301    0.3131
542.6110    0.0828    0.2286    0.3115
542.9672    0.0828    0.2271    0.3100
543.3234    0.0832    0.2256    0.3088
543.6797    0.0831    0.2241    0.3072
544.0360    0.0834    0.2225    0.3059
544.3923    0.0836    0.2209    0.3045
544.7486    0.0832    0.2194    0.3026
545.1049    0.0830    0.2176    0.3006
545.4613    0.0823    0.2159    0.2981
545.8176    0.0820    0.2140    0.2961
546.1740    0.0818    0.2122    0.2940
546.5304    0.0816    0.2105    0.2921
546.8868    0.0813    0.2086    0.2899
547.2433    0.0806    0.2069    0.2874
547.5997    0.0802    0.2051    0.2853
547.9562    0.0797    0.2033    0.2831
548.3127    0.0797    0.2016    0.2813
548.6692    0.0791    0.1998    0.2789
549.0257    0.0786    0.1980    0.2766
549.3823    0.0783    0.1963    0.2746
549.7388    0.0780    0.1945    0.2725
550.0954    0.0775    0.1928    0.2703
550.4520    0.0767    0.1910    0.2677
550.8086    0.0767    0.1891    0.2658
551.1652    0.0764    0.1873    0.2638
551.5219    0.0768    0.1856    0.2623
551.8786    0.0761    0.1838    0.2599
552.2353    0.0760    0.1820    0.2581
552.5920    0.0758    0.1802    0.2560
552.9487    0.0749    0.1784    0.2533
553.3054    0.0746    0.1766    0.2512
553.6622    0.0736    0.1749    0.2485
554.0190    0.0737    0.1731    0.2468
554.3757    0.0729    0.1713    0.2442
554.7326    0.0720    0.1695    0.2415
555.0894    0.0716    0.1677    0.2392
555.4462    0.0711    0.1659    0.2371
555.8031    0.0705    0.1641    0.2346
556.1600    0.0695    0.1623    0.2319
556.5169    0.0695    0.1606    0.2301
556.8738    0.0691    0.1589    0.2280
557.2307    0.0681    0.1572    0.2253
557.5877    0.0676    0.1555    0.2231
557.9446    0.0669    0.1538    0.2207
558.3016    0.0667    0.1521    0.2189
558.6586    0.0662    0.1505    0.2167
559.0157    0.0655    0.1489    0.2144
559.3727    0.0645    0.1472    0.2116
559.7298    0.0643    0.1455    0.2098
560.0868    0.0639    0.1439    0.2078
560.4439    0.0634    0.1423    0.2057
560.8010    0.0623    0.1408    0.2031
561.1582    0.0613    0.1392    0.2005
561.5153    0.0608    0.1376    0.1984
561.8725    0.0602    0.1361    0.1963
562.2296    0.0602    0.1344    0.1946
562.5868    0.0597    0.1328    0.1925
562.9441    0.0599    0.1312    0.1911
563.3013    0.0598    0.1296    0.1895
563.6585    0.0598    0.1281    0.1878
564.0158    0.0597    0.1265    0.1862
564.3731    0.0590    0.1251    0.1841
564.7304    0.0591    0.1237    0.1827
565.0877    0.0585    0.1222    0.1808
565.4450    0.0578    0.1208    0.1785
565.8024    0.0574    0.1193    0.1766
566.1598    0.0571    0.1178    0.1750
566.5172    0.0565    0.1164    0.1729
566.8746    0.0561    0.1150    0.1710
567.2320    0.0558    0.1135    0.1694
567.5894    0.0557    0.1122    0.1680
567.9469    0.0552    0.1109    0.1660
568.3044    0.0546    0.1095    0.1642
568.6619    0.0540    0.1082    0.1622
569.0194    0.0534    0.1070    0.1604
569.3769    0.0523    0.1057    0.1580
569.7344    0.0521    0.1044    0.1565
570.0920    0.0518    0.1032    0.1550
570.4496    0.0512    0.1019    0.1531
570.8072    0.0503    0.1006    0.1510
571.1648    0.0496    0.0994    0.1490
571.5224    0.0489    0.0983    0.1471
571.8801    0.0485    0.0971    0.1457
572.2377    0.0481    0.0960    0.1441
572.5954    0.0480    0.0948    0.1429
572.9531    0.0477    0.0937    0.1414
573.3108    0.0467    0.0926    0.1393
573.6685    0.0462    0.0915    0.1377
574.0263    0.0453    0.0905    0.1357
574.3841    0.0444    0.0894    0.1337
574.7418    0.0435    0.0883    0.1318
575.0996    0.0433    0.0873    0.1306
575.4575    0.0428    0.0863    0.1291
575.8153    0.0423    0.0853    0.1276
576.1731    0.0417    0.0843    0.1261
576.5310    0.0409    0.0834    0.1243
576.8889    0.0405    0.0824    0.1229
577.2468    0.0402    0.0814    0.1217
577.6047    0.0402    0.0805    0.1207
577.9626    0.0400    0.0796    0.1196
578.3206    0.0395    0.0787    0.1181
578.6786    0.0390    0.0777    0.1168
579.0366    0.0389    0.0768    0.1157
579.3946    0.0379    0.0759    0.1138
579.7526    0.0379    0.0751    0.1130
580.1106    0.0372    0.0742    0.1115
580.4687    0.0370    0.0734    0.1103
580.8267    0.0366    0.0725    0.1091
581.1848    0.0364    0.0716    0.1081
581.5429    0.0365    0.0708    0.1073
581.9011    0.0365    0.0699    0.1065
582.2592    0.0364    0.0691    0.1055
582.6173    0.0357    0.0683    0.1040
582.9755    0.0353    0.0676    0.1028
583.3337    0.0350    0.0668    0.1018
583.6919    0.0347    0.0661    0.1008
584.0501    0.0346    0.0653    0.0999
584.4084    0.0342    0.0646    0.0988
584.7666    0.0338    0.0639    0.0977
585.1249    0.0337    0.0632    0.0969
585.4832    0.0336    0.0624    0.0960
585.8415    0.0334    0.0617    0.0951
586.1998    0.0335    0.0610    0.0945
586.5582    0.0335    0.0603    0.0938
586.9165    0.0337    0.0596    0.0933
587.2749    0.0336    0.0590    0.0926
587.6333    0.0332    0.0583    0.0915
587.9917    0.0332    0.0577    0.0909
588.3501    0.0332    0.0570    0.0902
588.7085    0.0332    0.0564    0.0896
589.0670    0.0331    0.0557    0.0888
589.4255    0.0328    0.0551    0.0880
589.7839    0.0328    0.0545    0.0873
590.1424    0.0326    0.0539    0.0865
590.5010    0.0321    0.0533    0.0855
590.8595    0.0318    0.0527    0.0845
591.2181    0.0317    0.0522    0.0838
591.5766    0.0314    0.0516    0.0830
591.9352    0.0310    0.0510    0.0820
592.2938    0.0307    0.0505    0.0811
592.6524    0.0301    0.0499    0.0800
593.0111    0.0295    0.0494    0.0789
593.3697    0.0292    0.0489    0.0780
593.7284    0.0289    0.0484    0.0773
594.0871    0.0290    0.0478    0.0768
594.4458    0.0286    0.0473    0.0759
594.8045    0.0282    0.0468    0.0750
595.1632    0.0273    0.0463    0.0736
595.5220    0.0270    0.0458    0.0728
595.8808    0.0263    0.0453    0.0716
596.2395    0.0258    0.0448    0.0706
596.5983    0.0253    0.0444    0.0697
596.9572    0.0257    0.0439    0.0696
597.3160    0.0256    0.0434    0.0690
597.6748    0.0250    0.0430    0.0680
598.0337    0.0252    0.0425    0.0677
598.3926    0.0254    0.0421    0.0675
598.7515    0.0255    0.0416    0.0672
599.1104    0.0253    0.0412    0.0665
599.4693    0.0255    0.0408    0.0663
599.8283    0.0256    0.0403    0.0659
600.1872    0.0256    0.0399    0.0655
600.5462    0.0256    0.0395    0.0651
600.9052    0.0255    0.0391    0.0646
601.2642    0.0252    0.0387    0.0639
601.6232    0.0253    0.0383    0.0636
601.9823    0.0253    0.0379    0.0632
602.3414    0.0251    0.0375    0.0626
602.7004    0.0245    0.0371    0.0616
603.0595    0.0244    0.0368    0.0612
603.4186    0.0243    0.0364    0.0607
603.7777    0.0242    0.0360    0.0603
604.1369    0.0240    0.0357    0.0597
604.4960    0.0239    0.0353    0.0593
604.8552    0.0238    0.0350    0.0587
605.2144    0.0234    0.0346    0.0580
605.5736    0.0237    0.0343    0.0579
605.9328    0.0232    0.0339    0.0571
606.2921    0.0226    0.0336    0.0562
606.6513    0.0222    0.0332    0.0555
607.0106    0.0222    0.0329    0.0551
607.3699    0.0225    0.0326    0.0551
607.7292    0.0220    0.0323    0.0542
608.0885    0.0218    0.0320    0.0537
608.4478    0.0215    0.0317    0.0532
608.8072    0.0207    0.0314    0.0521
609.1665    0.0200    0.0311    0.0511
609.5259    0.0199    0.0308    0.0507
609.8853    0.0193    0.0305    0.0497
610.2447    0.0190    0.0302    0.0492
610.6041    0.0179    0.0299    0.0478
610.9636    0.0174    0.0297    0.0470
611.3230    0.0167    0.0294    0.0461
611.6825    0.0159    0.0291    0.0451
612.0420    0.0153    0.0288    0.0442
612.4015    0.0150    0.0286    0.0437
612.7610    0.0145    0.0283    0.0428
613.1206    0.0141    0.0281    0.0422
613.4801    0.0138    0.0278    0.0416
613.8397    0.0128    0.0276    0.0405
614.1993    0.0121    0.0274    0.0395
614.5589    0.0116    0.0271    0.0387
614.9185    0.0115    0.0269    0.0383
615.2781    0.0108    0.0267    0.0375
615.6378    0.0108    0.0264    0.0372
615.9975    0.0105    0.0262    0.0367
616.3571    0.0105    0.0260    0.0365
616.7168    0.0102    0.0257    0.0360
617.0765    0.0099    0.0255    0.0354
617.4363    0.0096    0.0253    0.0349
617.7960    0.0095    0.0251    0.0346
618.1558    0.0090    0.0249    0.0338
618.5155    0.0085    0.0247    0.0331
618.8753    0.0087    0.0244    0.0331
619.2351    0.0085    0.0242    0.0327
619.5950    0.0082    0.0240    0.0322
619.9548    0.0075    0.0239    0.0313
620.3146    0.0072    0.0236    0.0309
620.6745    0.0073    0.0235    0.0308
621.0344    0.0076    0.0232    0.0308
621.3943    0.0079    0.0230    0.0309
621.7542    0.0081    0.0229    0.0310
622.1141    0.0080    0.0226    0.0306
622.4741    0.0077    0.0225    0.0302
622.8340    0.0076    0.0223    0.0299
623.1940    0.0077    0.0221    0.0298
623.5540    0.0080    0.0219    0.0300
623.9140    0.0084    0.0218    0.0302
624.2740    0.0089    0.0216    0.0305
624.6341    0.0088    0.0214    0.0302
624.9941    0.0093    0.0212    0.0306
625.3542    0.0093    0.0211    0.0304
625.7143    0.0095    0.0209    0.0304
626.0744    0.0097    0.0207    0.0304
626.4345    0.0092    0.0206    0.0298
626.7946    0.0092    0.0204    0.0297
627.1548    0.0094    0.0203    0.0297
627.5149    0.0094    0.0201    0.0295
627.8751    0.0089    0.0200    0.0288
628.2353    0.0086    0.0198    0.0284
628.5955    0.0085    0.0197    0.0282
628.9557    0.0087    0.0196    0.0282
629.3160    0.0086    0.0194    0.0280
629.6762    0.0089    0.0193    0.0281
630.0365    0.0092    0.0191    0.0283
630.3968    0.0089    0.0190    0.0279
630.7571    0.0089    0.0188    0.0277
631.1174    0.0085    0.0187    0.0272
631.4777    0.0086    0.0185    0.0271
631.8380    0.0086    0.0184    0.0270
632.1984    0.0091    0.0183    0.0274
632.5588    0.0091    0.0182    0.0272
632.9192    0.0101    0.0180    0.0281
633.2796    0.0098    0.0179    0.0276
633.6400    0.0097    0.0178    0.0274
634.0004    0.0103    0.0176    0.0279
634.3609    0.0102    0.0175    0.0277
634.7213    0.0099    0.0174    0.0272
635.0818    0.0096    0.0173    0.0269
635.4423    0.0100    0.0171    0.0272
635.8028    0.0103    0.0170    0.0273
636.1633    0.0104    0.0169    0.0273
636.5239    0.0103    0.0168    0.0270
636.8844    0.0102    0.0166    0.0268
637.2450    0.0094    0.0165    0.0259
637.6056    0.0093    0.0164    0.0257
637.9662    0.0095    0.0163    0.0258
638.3268    0.0090    0.0162    0.0252
638.6874    0.0086    0.0161    0.0247
639.0481    0.0091    0.0160    0.0251
639.4087    0.0093    0.0159    0.0251
639.7694    0.0095    0.0158    0.0252
640.1301    0.0099    0.0157    0.0256
640.4908    0.0101    0.0155    0.0256
640.8515    0.0098    0.0154    0.0253
641.2122    0.0094    0.0153    0.0247
641.5730    0.0096    0.0152    0.0248
641.9338    0.0093    0.0151    0.0244
642.2945    0.0097    0.0150    0.0247
642.6553    0.0099    0.0149    0.0248
643.0161    0.0098    0.0148    0.0246
643.3770    0.0098    0.0147    0.0244
643.7378    0.0100    0.0146    0.0246
644.0986    0.0105    0.0145    0.0249
644.4595    0.0100    0.0144    0.0244
644.8204    0.0100    0.0143    0.0243
645.1813    0.0100    0.0142    0.0242
645.5422    0.0103    0.0141    0.0244
645.9031    0.0096    0.0139    0.0235
646.2641    0.0090    0.0138    0.0228
646.6250    0.0085    0.0138    0.0222
646.9860    0.0090    0.0137    0.0226
647.3470    0.0091    0.0136    0.0227
647.7080    0.0086    0.0135    0.0221
648.0690    0.0087    0.0134    0.0221
648.4300    0.0090    0.0133    0.0223
648.7911    0.0090    0.0132    0.0222
649.1521    0.0090    0.0131    0.0221
649.5132    0.0091    0.0130    0.0221
649.8743    0.0090    0.0129    0.0219
650.2354    0.0094    0.0128    0.0223
650.5965    0.0102    0.0127    0.0229
650.9576    0.0102    0.0126    0.0229
651.3188    0.0104    0.0126    0.0230
651.6799    0.0099    0.0125    0.0224
652.0411    0.0093    0.0124    0.0218
652.4023    0.0088    0.0123    0.0212
652.7635    0.0087    0.0123    0.0210
653.1247    0.0086    0.0122    0.0208
653.4860    0.0088    0.0121    0.0209
653.8472    0.0086    0.0121    0.0207
654.2085    0.0083    0.0120    0.0203
654.5697    0.0081    0.0119    0.0200
654.9310    0.0079    0.0119    0.0198
655.2923    0.0071    0.0118    0.0189
655.6537    0.0074    0.0117    0.0191
656.0150    0.0076    0.0117    0.0193
656.3763    0.0080    0.0116    0.0196
656.7377    0.0079    0.0115    0.0194
657.0991    0.0079    0.0114    0.0194
657.4605    0.0080    0.0114    0.0194
657.8219    0.0079    0.0113    0.0192
658.1833    0.0073    0.0112    0.0186
658.5447    0.0077    0.0112    0.0188
658.9062    0.0074    0.0111    0.0185
659.2676    0.0079    0.0111    0.0190
659.6291    0.0082    0.0110    0.0191
659.9906    0.0079    0.0109    0.0189
660.3521    0.0085    0.0109    0.0193
660.7136    0.0084    0.0108    0.0192
661.0752    0.0089    0.0107    0.0196
661.4367    0.0086    0.0107    0.0193
661.7983    0.0086    0.0106    0.0192
662.1598    0.0082    0.0105    0.0187
662.5214    0.0080    0.0105    0.0184
662.8830    0.0082    0.0104    0.0186
663.2447    0.0081    0.0103    0.0185
663.6063    0.0079    0.0103    0.0182
663.9679    0.0076    0.0102    0.0179
664.3296    0.0080    0.0102    0.0182
664.6913    0.0087    0.0101    0.0188
665.0530    0.0087    0.0101    0.0188
665.4147    0.0087    0.0100    0.0187
665.7764    0.0096    0.0099    0.0195
666.1381    0.0098    0.0099    0.0197
666.4999    0.0098    0.0098    0.0196
666.8616    0.0093    0.0097    0.0191
667.2234    0.0092    0.0097    0.0188
667.5852    0.0096    0.0096    0.0192
667.9470    0.0100    0.0096    0.0195
668.3088    0.0102    0.0095    0.0198
668.6706    0.0104    0.0095    0.0199
669.0325    0.0109    0.0094    0.0203
669.3943    0.0105    0.0094    0.0198
669.7562    0.0108    0.0093    0.0201
670.1181    0.0112    0.0092    0.0204
670.4800    0.0105    0.0092    0.0196
670.8419    0.0092    0.0091    0.0183
671.2038    0.0094    0.0090    0.0184
671.5658    0.0094    0.0090    0.0183
671.9277    0.0093    0.0089    0.0182
672.2897    0.0090    0.0089    0.0179
672.6517    0.0087    0.0088    0.0175
673.0137    0.0080    0.0088    0.0168
673.3757    0.0073    0.0087    0.0161
673.7377    0.0073    0.0087    0.0160
674.0998    0.0074    0.0086    0.0160
674.4618    0.0070    0.0086    0.0156
674.8239    0.0072    0.0085    0.0157
675.1860    0.0065    0.0085    0.0150
675.5480    0.0061    0.0084    0.0145
675.9102    0.0053    0.0084    0.0138
676.2723    0.0046    0.0084    0.0130
676.6344    0.0029    0.0084    0.0112
676.9966    0.0021    0.0083    0.0104
677.3587    0.0015    0.0083    0.0098
677.7209    0.0019    0.0082    0.0101
678.0831    0.0010    0.0082    0.0092
678.4453    0.0007    0.0082    0.0089
678.8075    0.0001    0.0081    0.0082
679.1697   -0.0003    0.0081    0.0078
679.5320   -0.0005    0.0081    0.0076
679.8942   -0.0003    0.0080    0.0077
680.2565   -0.0016    0.0080    0.0064
680.6188   -0.0029    0.0080    0.0050
680.9811   -0.0034    0.0079    0.0046
681.3434   -0.0032    0.0079    0.0047
681.7057   -0.0037    0.0079    0.0042
682.0681   -0.0034    0.0078    0.0045
682.4304   -0.0030    0.0078    0.0048
682.7928   -0.0028    0.0078    0.0050
683.1552   -0.0032    0.0077    0.0045
683.5176   -0.0037    0.0077    0.0040
683.8800   -0.0037    0.0076    0.0040
684.2424   -0.0031    0.0076    0.0045
684.6048   -0.0025    0.0076    0.0050
684.9673   -0.0024    0.0075    0.0051
685.3297   -0.0022    0.0075    0.0052
685.6922   -0.0016    0.0074    0.0058
686.0547   -0.0013    0.0074    0.0061
686.4172   -0.0007    0.0074    0.0067
686.7797   -0.0005    0.0073    0.0069
687.1422   -0.0010    0.0073    0.0063
687.5048   -0.0003    0.0073    0.0070
687.8673   -0.0011    0.0072    0.0062
688.2299   -0.0007    0.0072    0.0065
688.5925   -0.0005    0.0072    0.0067
688.9551   -0.0004    0.0071    0.0067
689.3177   -0.0001    0.0071    0.0070
689.6803   -0.0001    0.0071    0.0070
690.0429    0.0005    0.0070    0.0075
690.4056    0.0003    0.0070    0.0073
690.7683    0.0004    0.0069    0.0073
691.1309    0.0008    0.0069    0.0077
691.4936    0.0011    0.0069    0.0080
691.8563    0.0015    0.0068    0.0084
692.2190    0.0011    0.0068    0.0078
692.5818    0.0007    0.0067    0.0074
692.9445   -0.0010    0.0067    0.0057
693.3073   -0.0016    0.0067    0.0051
693.6700   -0.0020    0.0066    0.0046
694.0328   -0.0027    0.0066    0.0038
694.3956   -0.0035    0.0066    0.0030
694.7584   -0.0041    0.0066    0.0024
695.1212   -0.0048    0.0065    0.0017
695.4841   -0.0046    0.0065    0.0019
695.8469   -0.0045    0.0064    0.0019
696.2098   -0.0035    0.0064    0.0030
696.5726   -0.0031    0.0064    0.0033
696.9355   -0.0037    0.0064    0.0027
697.2984   -0.0041    0.0063    0.0023
697.6613   -0.0041    0.0063    0.0022
698.0243   -0.0044    0.0063    0.0018
698.3872   -0.0057    0.0063    0.0006
698.7501   -0.0060    0.0062    0.0002
699.1131   -0.0064    0.0062   -0.0003
699.4761   -0.0057    0.0061    0.0004
699.8391   -0.0053    0.0061    0.0008
700.2021   -0.0049    0.0061    0.0012
700.5651   -0.0054    0.0060    0.0006
700.9281   -0.0060    0.0060    0.0000
701.2912   -0.0061    0.0060   -0.0001
701.6542   -0.0060    0.0059   -0.0001
702.0173   -0.0061    0.0059   -0.0002
702.3804   -0.0066    0.0059   -0.0007
702.7435   -0.0063    0.0059   -0.0005
703.1066   -0.0067    0.0059   -0.0008
703.4697   -0.0057    0.0058    0.0001
703.8328   -0.0044    0.0058    0.0014
704.1960   -0.0048    0.0058    0.0011
704.5591   -0.0040    0.0058    0.0018
704.9223   -0.0035    0.0058    0.0023
705.2855   -0.0037    0.0057    0.0020
705.6487   -0.0041    0.0056    0.0016
706.0119   -0.0048    0.0056    0.0008
706.3751   -0.0064    0.0056   -0.0009
706.7383   -0.0076    0.0055   -0.0021
707.1016   -0.0083    0.0055   -0.0028
707.4648   -0.0063    0.0055   -0.0008
707.8281   -0.0061    0.0055   -0.0006
708.1914   -0.0057    0.0054   -0.0003
708.5547   -0.0054    0.0054   -0.0001
708.9180   -0.0061    0.0053   -0.0008
709.2813   -0.0062    0.0053   -0.0009
709.6446   -0.0058    0.0052   -0.0005
710.0080   -0.0056    0.0052   -0.0004
710.3714   -0.0052    0.0052    0.0000
710.7347   -0.0056    0.0052   -0.0004
711.0981   -0.0062    0.0051   -0.0011
711.4615   -0.0076    0.0051   -0.0025
711.8249   -0.0084    0.0051   -0.0033
712.1884   -0.0086    0.0051   -0.0035
712.5518   -0.0086    0.0050   -0.0036
712.9152   -0.0095    0.0050   -0.0045
713.2787   -0.0081    0.0050   -0.0031
713.6422   -0.0087    0.0050   -0.0037
714.0057   -0.0082    0.0049   -0.0032
714.3692   -0.0080    0.0049   -0.0031
714.7327   -0.0075    0.0049   -0.0026
715.0962   -0.0073    0.0048   -0.0025
715.4597   -0.0081    0.0048   -0.0033
715.8233   -0.0081    0.0048   -0.0033
716.1868   -0.0082    0.0048   -0.0034
716.5504   -0.0096    0.0048   -0.0048
716.9140   -0.0082    0.0047   -0.0034
717.2776   -0.0059    0.0048   -0.0011
717.6412   -0.0055    0.0047   -0.0008
718.0048   -0.0070    0.0047   -0.0023
718.3685   -0.0049    0.0047   -0.0002
718.7321   -0.0074    0.0047   -0.0027
719.0958   -0.0095    0.0046   -0.0049
719.4595   -0.0095    0.0046   -0.0049
719.8231   -0.0078    0.0046   -0.0032
720.1868   -0.0096    0.0046   -0.0050
720.5505   -0.0107    0.0046   -0.0061
720.9143   -0.0104    0.0047   -0.0057
721.2780   -0.0113    0.0046   -0.0066
721.6418   -0.0101    0.0047   -0.0055
722.0055   -0.0090    0.0047   -0.0043
722.3693   -0.0093    0.0047   -0.0046
722.7331   -0.0082    0.0047   -0.0035
723.0969   -0.0072    0.0047   -0.0026
723.4607   -0.0036    0.0046    0.0010
723.8245   -0.0029    0.0046    0.0018
724.1883   -0.0047    0.0047   -0.0001
724.5522   -0.0047    0.0046   -0.0001
724.9160   -0.0050    0.0047   -0.0003
725.2799   -0.0036    0.0046    0.0010
725.6438   -0.0012    0.0046    0.0035
726.0077   -0.0012    0.0046    0.0034
726.3716   -0.0031    0.0046    0.0015
726.7355   -0.0040    0.0046    0.0006
727.0994   -0.0039    0.0046    0.0007
727.4634   -0.0016    0.0046    0.0030
727.8273    0.0003    0.0046    0.0048
728.1913   -0.0003    0.0045    0.0042
728.5553   -0.0008    0.0045    0.0037
728.9193   -0.0038    0.0046    0.0008
729.2833   -0.0060    0.0045   -0.0014
729.6473   -0.0050    0.0045   -0.0005
730.0113   -0.0068    0.0045   -0.0023
730.3753   -0.0073    0.0045   -0.0028
730.7394   -0.0077    0.0046   -0.0032
731.1034   -0.0068    0.0046   -0.0022
731.4675   -0.0036    0.0045    0.0009
731.8316   -0.0044    0.0045    0.0001
732.1957   -0.0054    0.0045   -0.0009
732.5598   -0.0033    0.0045    0.0013
732.9239   -0.0051    0.0044   -0.0007
733.2881   -0.0043    0.0043    0.0001
733.6522   -0.0041    0.0043    0.0002
734.0164   -0.0036    0.0043    0.0007
734.3805   -0.0038    0.0043    0.0005
734.7447   -0.0057    0.0042   -0.0015
735.1089   -0.0038    0.0042    0.0004
735.4731   -0.0018    0.0041    0.0023
735.8373   -0.0016    0.0040    0.0024
736.2016   -0.0044    0.0040   -0.0004
736.5658   -0.0061    0.0040   -0.0022
736.9301   -0.0066    0.0039   -0.0027
737.2943   -0.0070    0.0039   -0.0031
737.6586   -0.0051    0.0038   -0.0013
738.0229   -0.0071    0.0038   -0.0033
738.3872   -0.0065    0.0038   -0.0027
738.7515   -0.0071    0.0038   -0.0034
739.1158   -0.0087    0.0037   -0.0050
739.4802   -0.0091    0.0036   -0.0055
739.8445   -0.0083    0.0036   -0.0047
740.2089   -0.0104    0.0036   -0.0068
740.5732   -0.0135    0.0037   -0.0099
740.9376   -0.0127    0.0037   -0.0090
741.3020   -0.0129    0.0036   -0.0094
741.6664   -0.0167    0.0035   -0.0132
742.0308   -0.0177    0.0035   -0.0142
742.3953   -0.0189    0.0035   -0.0154
742.7597   -0.0165    0.0035   -0.0129
743.1242   -0.0161    0.0035   -0.0126
743.4886   -0.0168    0.0035   -0.0133
743.8531   -0.0153    0.0035   -0.0119
744.2176   -0.0153    0.0035   -0.0118
744.5821   -0.0151    0.0034   -0.0117
744.9466   -0.0151    0.0034   -0.0117
745.3111   -0.0171    0.0034   -0.0137
745.6756   -0.0199    0.0034   -0.0165
746.0402   -0.0214    0.0033   -0.0181
746.4047   -0.0220    0.0034   -0.0186
746.7693   -0.0225    0.0034   -0.0192
747.1339   -0.0231    0.0033   -0.0197
