lambda	n	k
6.199E-4	0.999528	1.23E-4
6.351E-4	0.999476	1.33E-4
6.508E-4	0.999421	1.43E-4
6.665E-4	0.999377	1.54E-4
6.831E-4	0.999332	1.67E-4
6.997E-4	0.999288	1.80E-4
7.166E-4	0.999243	1.94E-4
7.344E-4	0.999197	2.09E-4
7.523E-4	0.999150	2.25E-4
7.705E-4	0.999102	2.43E-4
7.897E-4	0.999051	2.62E-4
8.087E-4	0.999000	2.82E-4
8.287E-4	0.99895	3.04E-4
8.492E-4	0.99889	3.27E-4
8.694E-4	0.99883	3.51E-4
8.906E-4	0.99877	3.78E-4
9.129E-4	0.99871	4.06E-4
9.350E-4	0.99865	4.38E-4
9.581E-4	0.99858	4.72E-4
9.816E-4	0.99851	5.08E-4
10.05E-4	0.99844	5.46E-4
10.30E-4	0.99837	5.86E-4
10.55E-4	0.99829	6.30E-4
10.81E-4	0.99821	6.77E-4
11.08E-4	0.99813	7.29E-4
11.34E-4	0.99805	7.82E-4
11.62E-4	0.99796	8.40E-4
11.91E-4	0.99787	9.05E-4
12.20E-4	0.99778	9.72E-4
12.50E-4	0.99769	1.04E-3
12.81E-4	0.99759	1.12E-3
13.12E-4	0.99749	1.20E-3
13.43E-4	0.99739	1.28E-3
13.76E-4	0.99729	1.37E-3
14.10E-4	0.99718	1.47E-3
14.45E-4	0.99707	1.57E-3
14.79E-4	0.99697	1.68E-3
15.16E-4	0.99686	1.79E-3
15.54E-4	0.99675	1.92E-3
15.92E-4	0.99666	2.05E-3
16.31E-4	0.99656	2.16E-3
16.71E-4	0.99646	2.27E-3
17.10E-4	0.99634	2.38E-3
17.54E-4	0.99620	2.51E-3
17.97E-4	0.99606	2.66E-3
18.39E-4	0.99592	2.82E-3
18.84E-4	0.99579	2.99E-3
19.31E-4	0.99566	3.19E-3
19.77E-4	0.99555	3.37E-3
20.26E-4	0.99544	3.55E-3
20.77E-4	0.99532	3.76E-3
21.27E-4	0.99521	3.96E-3
21.79E-4	0.99513	4.17E-3
22.34E-4	0.99508	4.37E-3
22.87E-4	0.99498	4.46E-3
23.44E-4	0.99482	4.54E-3
24.03E-4	0.99458	4.74E-3
24.60E-4	0.99437	4.98E-3
25.20E-4	0.99419	5.23E-3
25.84E-4	0.99400	5.51E-3
26.43E-4	0.99384	5.78E-3
27.07E-4	0.99368	6.07E-3
27.74E-4	0.99353	6.38E-3
28.44E-4	0.99338	6.70E-3
29.10E-4	0.99324	7.00E-3
29.87E-4	0.99310	7.37E-3
30.54E-4	0.99300	7.70E-3
31.31E-4	0.99293	8.08E-3
32.12E-4	0.99290	8.36E-3
32.89E-4	0.99284	8.59E-3
33.69E-4	0.99273	8.84E-3
34.53E-4	0.99260	9.09E-3
35.32E-4	0.99246	9.33E-3
36.25E-4	0.99228	9.62E-3
37.12E-4	0.99212	9.88E-3
38.03E-4	0.99193	1.02E-2
38.99E-4	0.99174	1.05E-2
39.86E-4	0.99155	1.07E-2
40.92E-4	0.99130	1.11E-2
41.88E-4	0.99108	1.14E-2
42.90E-4	0.99085	1.17E-2
43.96E-4	0.99060	1.20E-2
45.08E-4	0.99034	1.24E-2
46.09E-4	0.99010	1.27E-2
47.32E-4	0.9898	1.31E-2
48.43E-4	0.9896	1.35E-2
49.59E-4	0.9893	1.38E-2
50.81E-4	0.9891	1.41E-2
52.09E-4	0.9888	1.45E-2
53.44E-4	0.9885	1.48E-2
54.62E-4	0.9881	1.51E-2
56.10E-4	0.9877	1.54E-2
57.40E-4	0.9874	1.58E-2
58.76E-4	0.9870	1.61E-2
60.18E-4	0.9866	1.64E-2
61.68E-4	0.9863	1.68E-2
63.25E-4	0.9859	1.69E-2
64.91E-4	0.9855	1.69E-2
66.30E-4	0.9850	1.69E-2
68.12E-4	0.9841	1.70E-2
69.65E-4	0.9834	1.70E-2
71.25E-4	0.9826	1.70E-2
72.93E-4	0.9816	1.70E-2
74.69E-4	0.9805	1.70E-2
76.53E-4	0.9793	1.70E-2
78.47E-4	0.9778	1.71E-2
80.51E-4	0.9762	1.72E-2
82.65E-4	0.9745	1.74E-2
84.34E-4	0.9730	1.75E-2
86.70E-4	0.9708	1.77E-2
88.56E-4	0.9690	1.79E-2
91.16E-4	0.9661	1.81E-2
93.22E-4	0.9637	1.86E-2
95.37E-4	0.9612	1.92E-2
97.62E-4	0.9584	1.99E-2
99.98E-4	0.9553	2.06E-2
102.5E-4	0.9518	2.18E-2
105.1E-4	0.9481	2.34E-2
107.8E-4	0.9442	2.50E-2
110.7E-4	0.9399	2.71E-2
112.7E-4	0.9369	2.87E-2
115.9E-4	0.9322	3.14E-2
119.2E-4	0.9269	3.50E-2
121.5E-4	0.9232	3.77E-2
124.0E-4	0.9190	4.08E-2
0.015	0.885	7.5E-2
0.016	0.892	8.6E-2
0.017	0.893	9.9E-2
0.018	0.892	0.114
0.019	0.887	0.129
0.020	0.882	0.145
0.021	0.877	0.162
0.022	0.869	0.180
0.023	0.860	0.198
0.024	0.881	0.217
0.025	0.872	0.157
0.026	0.862	0.166
0.027	0.850	0.180
0.028	0.838	0.194
0.029	0.826	0.210
0.030	0.810	0.227
0.031	0.794	0.249
0.032	0.779	0.272
0.033	0.762	0.297
0.034	0.742	0.322
0.035	0.722	0.350
0.036	0.696	0.379
0.037	0.674	0.412
0.038	0.663	0.447
0.039	0.675	0.502
0.040	0.687	0.551
0.041	0.699	0.581
0.042	0.709	0.573
0.043	0.718	0.654
0.044	0.722	0.579
0.045	0.722	0.605
0.046	0.719	0.622
0.047	0.717	0.637
0.048	0.714	0.656
0.049	0.712	0.679
0.050	0.709	0.718
0.051	0.709	0.766
0.052	0.711	0.797
0.053	0.713	0.826
0.054	0.720	0.845
0.055	0.729	0.867
0.056	0.744	0.887
0.057	0.763	0.905
0.058	0.792	0.924
0.059	0.812	0.935
0.060	0.835	0.938
0.061	0.862	0.937
0.062	0.887	0.930
0.063	0.914	0.924
0.064	0.937	0.915
0.065	0.957	0.900
0.066	0.975	0.884
0.067	0.993	0.869
0.068	1.01	0.856
0.069	1.02	0.837
0.070	1.03	0.826
0.072	1.04	0.809
0.074	1.05	0.817
0.076	1.06	0.835
0.078	1.07	0.850
0.080	1.08	0.866
0.082	1.09	0.878
0.084	1.10	0.891
0.086	1.12	0.899
0.088	1.14	0.903
0.090	1.16	0.912
0.092	1.18	0.919
0.094	1.20	0.930
0.096	1.19	0.942
0.098	1.17	0.957
0.100	1.19	0.981
0.102	1.22	1.01
0.104	1.22	1.02
0.106	1.23	1.04
0.108	1.24	1.05
0.110	1.24	1.07
0.112	1.25	1.09
0.114	1.27	1.11
0.116	1.28	1.13
0.118	1.30	1.15
0.120	1.32	1.17
0.122	1.35	1.18
0.124	1.37	1.18
0.126	1.40	1.17
0.128	1.42	1.17
0.130	1.43	1.16
0.132	1.43	1.15
0.134	1.43	1.15
0.136	1.43	1.14
0.138	1.43	1.14
0.140	1.45	1.15
0.142	1.46	1.15
0.144	1.46	1.15
0.146	1.47	1.15
0.148	1.47	1.15
0.150	1.47	1.15
0.155	1.46	1.16
0.160	1.46	1.22
0.165	1.48	1.21
0.170	1.49	1.22
0.175	1.46	1.23
0.180	1.42	1.23
0.185	1.38	1.24
0.190	1.34	1.26
0.195	1.30	1.29
0.200	1.24	1.34
0.2000	1.39	1.35
0.2033	1.38	1.37
0.205	1.19	1.40
0.2066	1.38	1.40
0.2101	1.37	1.43
0.2138	1.36	1.47
0.2214	1.36	1.54
0.2296	1.36	1.61
0.2384	1.36	1.67
0.2480	1.36	1.76
0.2583	1.38	1.85
0.2695	1.39	1.95
0.2818	1.43	2.04
0.2952	1.45	2.14
0.3100	1.49	2.25
0.3179	1.51	2.32
0.3263	1.53	2.37
0.3351	1.56	2.42
0.3444	1.58	2.48
0.3542	1.60	2.55
0.3647	1.62	2.62
0.3757	1.65	2.69
0.3874	1.68	2.76
0.3999	1.72	2.84
0.4133	1.75	2.92
0.4275	1.79	3.01
0.4428	1.83	3.10
0.4592	1.87	3.20
0.4769	1.91	3.30
0.4959	1.96	3.42
0.5166	2.03	3.54
0.5390	2.10	3.67
0.5636	2.17	3.77
0.5904	2.23	3.92
0.6199	2.30	4.07
0.6525	2.38	4.26
0.6888	2.51	4.43
0.7293	2.63	4.63
0.7749	2.76	4.84
0.8265	2.92	5.07
0.8856	3.10	5.32
0.9537	3.29	5.61
1.033	3.55	5.92
1.078	3.70	6.08
1.127	3.86	6.24
1.181	4.03	6.44
1.240	4.25	6.62
1.305	4.50	6.77
1.378	4.77	6.91
1.409	4.91	6.95
1.459	5.05	6.98
1.512	5.17	7.01
1.550	5.31	7.04
1.610	5.44	7.04
1.653	5.57	7.02
1.698	5.67	6.95
1.771	5.71	6.83
1.823	5.66	6.73
1.907	5.52	6.66
1.968	5.34	6.70
2.066	5.13	6.75
2.175	4.86	6.89
2.254	4.58	7.14
2.384	4.30	7.40
2.455	3.91	7.71
2.638	3.36	8.40
2.755	3.03	9.31
2.883	2.92	10.3
3.100	2.81	11.4
3.263	3.03	12.5
3.542	3.28	13.7
3.875	3.57	14.9
4.133	3.92	16.2
4.428	4.24	17.7
4.959	4.70	19.4
5.636	5.24	21.5
6.199	5.90	24.0
7.293	6.78	27.2
8.266	8.18	31.2
9.537	9.91	36.7
12.40	13.2	44.7
